spawns: 
  default: 
    world: world
    x: 10539.349443266385
    y: 72.20000004768372
    z: 856.6545646273203
    yaw: -135.75505
    pitch: 7.200363
  adminshop: 
    world: world
    x: -10050.473588839477
    y: 66.0
    z: -9316.000389004848
    yaw: -89.706116
    pitch: 35.70019
  newbies: 
    world: world
    x: 1083.5705729100089
    y: 174.0
    z: 938.6952978681607
    yaw: 1.1327424
    pitch: 25.81801
  newbie: 
    world: world
    x: 1083.599424230833
    y: 174.0
    z: 938.5943903333706
    yaw: -0.5840178
    pitch: 15.51828
